000002
000003
000004
000005
000006
000007
000008
000009
000012
000013
000020
000022
000023
000026
000028
000030
000031
000034
000040
000042
000043
000044
000046
000047
000048
000049
000050
000051
000053
000054
000122
000123
000140
000141
000143
000144
000947
101000
101194
101300
101700
101701
101702
101703
101704
101749
101751
101753
101755
101756
101758
101759
101760
101764
101767
101768
101771
101772
101773
101775
101779
101782
101784
101785
101786
101787
101790
101796
101990
101999
102000
102001
102002
102003
102004
102005
102006
102007
102008
102009
102010
102011
102012
102013
102014
102015
102016
102017
102018
102019
102020
102021
102022
102023
102024
102025
102026
102027
102028
102030
102031
102032
102033
102034
102035
102036
102037
102038
102039
102040
102041
102042
102043
102044
102045
102046
102047
102048
102049
102050
102051
102052
102053
102054
102055
102056
102057
102058
102059
102060
102061
102062
102063
102064
102065
102066
102067
102068
102069
102070
102071
102072
102073
102074
102075
102076
102077
102078
102079
102080
102081
102082
102083
102084
102085
102086
102087
102088
102089
102090
102091
102092
102093
102094
102095
102096
102097
102098
102099
102100
102101
102102
102103
102104
102105
102106
102107
102120
102121
102122
102123
102124
102125
102126
102127
102128
102129
102130
102131
102132
102133
102134
102135
102136
102137
102138
102139
102140
102141
102142
102143
102144
102145
102146
102147
102148
102149
102150
102151
102152
102153
102160
102161
102162
102170
102171
102172
102173
102174
102175
102176
102177
102178
102179
102180
102181
102182
102183
102184
102185
102186
102187
102188
102189
102190
102191
102192
102193
102194
102195
102196
102197
102198
102199
102200
102201
102202
102203
102204
102205
102206
102207
102208
102209
102210
102211
102212
102213
102214
102215
102216
102217
102218
102219
102220
102221
102225
102226
102227
102228
102229
102230
102231
102232
102233
102234
102235
102236
102237
102238
102239
102240
102241
102250
102251
102252
102253
102254
102255
102256
102257
102258
102259
102260
102261
102262
102263
102264
102265
102266
102267
102268
102269
102270
102271
102272
102273
102274
102275
102276
102277
102278
102279
102280
102281
102282
102283
102284
102285
102286
102287
102288
102289
102290
102291
102292
102293
102294
102295
102296
102297
102298
102299
102300
102301
102302
102310
102311
102312
102313
102314
102315
102316
102317
102318
102319
102320
102321
102322
102324
102325
102326
102330
102331
102332
102333
102334
102335
102336
102337
102338
102339
102400
102401
102402
102403
102404
102405
102406
102407
102408
102409
102410
102411
102412
102413
102414
102415
102416
102417
102418
102419
102420
102421
102422
102423
102424
102425
102426
102427
102428
102429
102430
102431
102432
102433
102434
102435
102436
102437
102438
102439
102440
102441
102442
102443
102444
102445
102446
102447
102448
102449
102450
102451
102452
102453
102454
102455
102456
102457
102458
102459
102460
102461
102462
102463
102464
102465
102466
102467
102468
102469
102470
102471
102472
102473
102474
102475
102476
102477
102478
102479
102480
102481
102482
102483
102484
102485
102486
102487
102488
102489
102490
102491
102492
102493
102494
102495
102496
102497
102498
102499
102500
102501
102502
102503
102504
102505
102506
102507
102508
102509
102510
102511
102512
102513
102514
102515
102516
102517
102518
102519
102520
102521
102522
102523
102524
102525
102526
102527
102528
102529
102530
102531
102532
102533
102534
102535
102536
102537
102538
102539
102540
102541
102542
102543
102544
102545
102546
102547
102548
102549
102550
102551
102552
102553
102554
102555
102556
102557
102558
102559
102560
102561
102562
102563
102564
102565
102566
102567
102568
102569
102570
102571
102572
102573
102574
102575
102576
102577
102578
102579
102580
102581
102582
102583
102584
102585
102586
102587
102588
102589
102590
102591
102592
102593
102594
102595
102596
102597
102598
102599
102830
102831
102831
102832
102832
102833
102834
102835
102836
102837
102838
102839
102840
102841
102892
102893
102894
102895
102896
102897
102898
102900
102901
102902
102903
102961
102963
102966
102968
102969
102971
102972
102973
102974
102975
102976
102977
102978
102979
102980
102981
102982
102983
102984
102985
102986
102987
102988
102989
102992
102993
102994
102997
102998
102999
103070
103073
103132
103265
103274
103365
103400
103426
103460
103489
103500
103510
103681
103683
104000
104001
104002
104003
104004
104005
104006
104007
104010
104011
104012
104015
104017
104040
104050
104051
104110
104890
104980
105005
105037
105043
105062
105064
105066
105077
105082
105094
105118
105120
105122
105173
105175
105179
105187
105203
105215
105229
105264
105275
105318
105425
105484
105523
105554
105568
105613
105679
105950
105976
105980
106000
107013
107014
107016
107023
107031
107045
107053
107061
107065
107076
107078
107079
107084
107113
107139
107140
107143
107150
107174
107199
107207
107217
107227
107228
107241
107245
107258
107370
107392
107450
107497
107553
107564
107589
107701
107702
107703
107704
107950
107951
107996
108000
108800
108803
108804
108805
108806
108807
108808
108809
108810
108811
108811
108812
108813
108814
108815
108816
108817
108817
108818
108819
108820
108821
108822
108823
108823
108824
108825
108826
108827
108828
108829
108829
108830
108831
108832
108833
108834
108835
108836
108840
108841
108850
108851
108852
109004
109012
109028
109029
109044
109052
109074
109089
109097
109117
109125
109129
109144
109145
109147
109153
109156
109189
109202
109235
109240
109263
109289
109316
109341
109369
109377
109378
109380
109382
109383
109384
109386
109387
109388
109389
109390
109391
109417
109428
109429
109431
109439
109440
109443
109444
109451
109456
109457
109462
109469
109472
109507
109518
109542
109544
109548
109559
109649
109651
109652
109700
109701
109781
109782
109783
109784
109785
109950
109976
109980
109992
111020
111024
111033
111109
111116
111123
111141
111250
111394
111395
111396
111397
111398
111399
111401
111402
111524
111531
111537
111538
111539
111555
111558
111578
111621
111622
111625
111672
111673
111674
111675
111709
111710
111711
111712
111713
111714
111720
111721
111722
111723
111724
111725
111726
111727
111737
111738
111739
111740
111741
111742
111743
111744
111745
111746
111747
111748
111749
111750
111751
111752
111753
111754
111755
111756
111757
111758
111759
111760
111761
111762
111763
111764
111765
111766
111767
111768
111769
111770
111771
111772
111773
111774
111775
111901
111902
111903
111904
111905
111906
111907
111908
111909
111910
111911
111912
111913
111914
111915
111916
111917
111918
111919
111920
111921
111922
111923
111924
111925
111926
111927
111928
111929
111930
111931
111932
111933
111934
111935
111936
111937
111938
111939
111940
111941
111942
111943
111944
111945
111946
111947
111948
111949
111950
111951
111952
111953
111954
111955
111956
111957
111958
111961
111962
111963
111964
111966
111967
111968
111969
111970
111971
111972
111973
111974
111975
111976
111978
111980
111981
111985
111986
111987
111989
111990
111991
111992
111993
111994
111995
111996
111997
111998
111999
113623
115035
115054
115068
115084
115088
115093
115095
115114
115127
115138
115142
115162
115172
115184
115191
115193
115201
115211
115225
115230
115280
115304
115324
115326
115372
115403
115404
115406
115407
115408
115409
115419
115432
115446
115455
115470
115477
115478
115487
115516
115522
115533
115547
115551
115561
115563
115567
115569
115573
115580
115582
115583
115597
115598
115612
115682
115735
115736
115737
115738
115739
115740
115741
115742
115743
115975
115976
115998
117036